# P-values	0.001	0.0005	0.0001
ANDR_HUMAN.H11MO.0.A	5.39981	6.33741	8.27031
AP2A_HUMAN.H11MO.0.A	4.19641	5.40371	7.71001
AP2C_HUMAN.H11MO.0.A	3.54641	4.75071	7.15921
ASCL1_HUMAN.H11MO.0.A	3.94551	5.00301	7.40741
ATF3_HUMAN.H11MO.0.A	3.77464	4.59231	6.14651
ATF4_HUMAN.H11MO.0.A	2.683	4.25481	6.9078
BACH2_HUMAN.H11MO.0.A	4.33612	5.36695	7.42251
BATF_HUMAN.H11MO.0.A	5.16311	6.12211	8.04391
BC11A_HUMAN.H11MO.0.A	5.71551	6.53131	8.20091
BCL6_HUMAN.H11MO.0.A	5.35371	6.24331	8.04765
BHE40_HUMAN.H11MO.0.A	3.56469	4.44851	6.06052
BMAL1_HUMAN.H11MO.0.A	3.96501	4.81285	6.48091
BRAC_HUMAN.H11MO.0.A	5.09601	5.93831	7.65511
CDX2_HUMAN.H11MO.0.A	5.63781	6.44232	8.03284
CEBPA_HUMAN.H11MO.0.A	4.87402	6.15857	8.22243
CEBPB_HUMAN.H11MO.0.A	4.29972	5.66791	8.16414
COE1_HUMAN.H11MO.0.A	4.04501	5.21891	7.59651
COT2_HUMAN.H11MO.0.A	5.09621	6.04551	7.90012
CREB1_HUMAN.H11MO.0.A	4.13241	4.96052	6.48266
CTCF_HUMAN.H11MO.0.A	0.47131	1.83531	4.67191
CTCFL_HUMAN.H11MO.0.A	1.35361	2.54771	5.03111
DUX4_HUMAN.H11MO.0.A	2.8453	4.24667	7.142
E2F1_HUMAN.H11MO.0.A	3.03681	3.95651	5.90501
E2F3_HUMAN.H11MO.0.A	4.83141	5.60783	7.18889
E2F4_HUMAN.H11MO.0.A	2.82091	3.77691	5.66071
E2F6_HUMAN.H11MO.0.A	4.07651	4.97661	6.79041
EGR1_HUMAN.H11MO.0.A	3.69661	4.59371	6.42631
EGR2_HUMAN.H11MO.0.A	3.68891	4.65681	6.67231
ELF1_HUMAN.H11MO.0.A	3.42031	4.57601	6.80351
ELF3_HUMAN.H11MO.0.A	4.35901	5.55821	7.93691
ELF5_HUMAN.H11MO.0.A	4.13951	5.32491	7.65191
ELK4_HUMAN.H11MO.0.A	3.05011	4.08196	6.10201
ERG_HUMAN.H11MO.0.A	4.41482	5.52901	7.77072
ERR1_HUMAN.H11MO.0.A	4.07721	5.23021	7.49932
ESR1_HUMAN.H11MO.0.A	3.74291	4.76651	6.88891
ESR2_HUMAN.H11MO.0.A	3.98851	4.90741	6.80381
ETS1_HUMAN.H11MO.0.A	3.98761	5.12281	7.29353
ETV1_HUMAN.H11MO.0.A	3.48931	4.57559	6.62715
EVX2_HUMAN.H11MO.0.A	5.16541	6.16703	8.23884
FLI1_HUMAN.H11MO.0.A	4.10171	5.25931	7.59631
FOS_HUMAN.H11MO.0.A	4.58943	5.79736	7.45014
FOSB_HUMAN.H11MO.0.A	5.02284	5.84039	7.79168
FOSL1_HUMAN.H11MO.0.A	3.38183	4.61924	7.24594
FOSL2_HUMAN.H11MO.0.A	3.35672	4.66692	7.27696
FOXA1_HUMAN.H11MO.0.A	4.90113	6.01702	8.25195
FOXA2_HUMAN.H11MO.0.A	4.70381	5.81622	8.14197
FOXH1_HUMAN.H11MO.0.A	5.01261	5.95429	7.57229
FOXK1_HUMAN.H11MO.0.A	5.81907	6.5611	7.84118
FOXM1_HUMAN.H11MO.0.A	5.69572	6.47251	8.03002
FOXO1_HUMAN.H11MO.0.A	5.66031	6.44192	7.78571
FOXP1_HUMAN.H11MO.0.A	5.7645	6.51129	8.28539
GABPA_HUMAN.H11MO.0.A	2.96641	4.03691	6.14811
GATA1_HUMAN.H11MO.0.A	4.67901	5.73141	7.75631
GATA2_HUMAN.H11MO.0.A	4.62391	5.67971	7.77531
GATA3_HUMAN.H11MO.0.A	5.83155	6.65482	8.18854
GATA4_HUMAN.H11MO.0.A	5.03444	5.99156	8.02908
GATA6_HUMAN.H11MO.0.A	4.66371	5.73231	8.01365
GCR_HUMAN.H11MO.0.A	4.49091	5.45461	7.45051
GFI1B_HUMAN.H11MO.0.A	5.48356	6.34433	7.9504
GRHL2_HUMAN.H11MO.0.A	4.54081	5.53284	7.46958
HNF1B_HUMAN.H11MO.0.A	4.49921	5.56241	7.74181
HNF4A_HUMAN.H11MO.0.A	4.27541	5.36451	7.61711
HSF1_HUMAN.H11MO.0.A	3.77821	4.94931	7.37751
HTF4_HUMAN.H11MO.0.A	4.89594	5.76816	7.56124
HXB13_HUMAN.H11MO.0.A	5.67642	6.53543	8.22077
IRF1_HUMAN.H11MO.0.A	3.99391	5.29681	7.95831
IRF2_HUMAN.H11MO.0.A	3.05421	4.43121	7.25091
IRF4_HUMAN.H11MO.0.A	4.01241	5.19551	7.63751
ISL1_HUMAN.H11MO.0.A	5.62165	6.21911	7.03024
JUN_HUMAN.H11MO.0.A	3.91284	5.22518	7.21091
JUNB_HUMAN.H11MO.0.A	4.55043	5.65817	7.44432
JUND_HUMAN.H11MO.0.A	4.08684	5.26441	7.26558
KAISO_HUMAN.H11MO.0.A	1.98191	2.83851	4.64311
KLF1_HUMAN.H11MO.0.A	2.36531	3.56351	5.99541
KLF15_HUMAN.H11MO.0.A	2.06631	3.31911	5.90431
KLF4_HUMAN.H11MO.0.A	2.91341	4.0354	6.47804
KLF5_HUMAN.H11MO.0.A	3.69121	4.73701	6.85501
KLF6_HUMAN.H11MO.0.A	3.70841	4.62781	6.52161
LEF1_HUMAN.H11MO.0.A	6.05731	6.72381	7.98401
LHX2_HUMAN.H11MO.0.A	5.84021	6.62512	7.96981
LYL1_HUMAN.H11MO.0.A	5.31971	5.94061	7.18291
MAF_HUMAN.H11MO.0.A	5.20351	6.09041	7.88591
MAFG_HUMAN.H11MO.0.A	0.88681	2.37571	5.48331
MAFK_HUMAN.H11MO.0.A	2.66401	3.97231	6.69081
MAX_HUMAN.H11MO.0.A	3.79599	4.64031	6.28232
MAZ_HUMAN.H11MO.0.A	3.59441	4.64721	6.83371
MEF2A_HUMAN.H11MO.0.A	5.49741	6.47571	8.34021
MEF2B_HUMAN.H11MO.0.A	5.75041	6.59741	8.30652
MEF2C_HUMAN.H11MO.0.A	5.48731	6.42561	8.28981
MEF2D_HUMAN.H11MO.0.A	4.98601	5.99668	8.04836
MEIS1_HUMAN.H11MO.0.A	5.42182	6.27105	8.0368
MITF_HUMAN.H11MO.0.A	2.84965	4.00992	6.30016
MXI1_HUMAN.H11MO.0.A	3.38121	4.26221	5.95321
MYB_HUMAN.H11MO.0.A	5.08911	5.98733	7.54412
MYC_HUMAN.H11MO.0.A	3.48501	4.44066	6.41456
MYCN_HUMAN.H11MO.0.A	3.32323	4.20051	5.93854
MYOD1_HUMAN.H11MO.0.A	3.28711	4.47831	7.10401
NANOG_HUMAN.H11MO.0.A	5.73801	6.62011	8.42881
NDF1_HUMAN.H11MO.0.A	3.94229	5.05856	7.5242
NF2L2_HUMAN.H11MO.0.A	2.43241	3.74991	6.49471
NFE2_HUMAN.H11MO.0.A	3.61891	4.69521	6.94111
NFIC_HUMAN.H11MO.0.A	4.64631	5.60251	7.53981
NFKB1_HUMAN.H11MO.0.A	5.91001	6.85701	7.64905
NFYA_HUMAN.H11MO.0.A	4.24061	5.39301	7.78311
NFYB_HUMAN.H11MO.0.A	3.61151	4.89731	7.53402
NFYC_HUMAN.H11MO.0.A	5.04071	5.90781	7.65392
NKX21_HUMAN.H11MO.0.A	5.27247	6.21355	7.83281
NR4A1_HUMAN.H11MO.0.A	5.74406	6.34763	7.68237
NRF1_HUMAN.H11MO.0.A	-0.78469	0.44511	3.00911
OTX2_HUMAN.H11MO.0.A	5.32798	6.19477	7.95524
P53_HUMAN.H11MO.0.A	2.18701	3.44591	6.07701
P63_HUMAN.H11MO.0.A	2.75781	3.98641	6.52571
P73_HUMAN.H11MO.0.A	4.15841	5.15901	7.22871
PAX5_HUMAN.H11MO.0.A	2.80551	3.77741	5.81201
PBX1_HUMAN.H11MO.0.A	4.92855	5.72289	7.26937
PBX3_HUMAN.H11MO.0.A	4.74021	5.52922	7.10001
PDX1_HUMAN.H11MO.0.A	5.52242	6.37285	7.81861
PO2F2_HUMAN.H11MO.0.A	5.43574	6.29261	7.9907
PO3F2_HUMAN.H11MO.0.A	5.38941	6.32701	8.23451
PO5F1_HUMAN.H11MO.0.A	5.18971	6.18091	8.22521
PPARG_HUMAN.H11MO.0.A	4.87081	5.79441	7.68971
PRD14_HUMAN.H11MO.0.A	4.55811	5.47481	7.34711
PRDM1_HUMAN.H11MO.0.A	4.81591	5.90761	8.11121
PRGR_HUMAN.H11MO.0.A	4.95791	5.84971	7.70401
RARA_HUMAN.H11MO.0.A	4.26891	5.31441	7.44511
REST_HUMAN.H11MO.0.A	-0.67519	0.74791	3.76371
RFX2_HUMAN.H11MO.0.A	0.94821	2.32281	5.18701
RFX5_HUMAN.H11MO.0.A	3.99581	4.95171	6.93781
RUNX1_HUMAN.H11MO.0.A	4.64076	5.67151	7.74442
RUNX2_HUMAN.H11MO.0.A	4.94951	5.91871	7.85393
RUNX3_HUMAN.H11MO.0.A	4.52575	5.54829	7.71937
RXRA_HUMAN.H11MO.0.A	5.03961	5.86461	7.53391
SIX1_HUMAN.H11MO.0.A	4.80341	5.83001	7.85602
SIX2_HUMAN.H11MO.0.A	5.37431	6.24631	7.95203
SMAD2_HUMAN.H11MO.0.A	4.87792	5.71925	7.41956
SNAI2_HUMAN.H11MO.0.A	3.17403	4.04502	6.02031
SOX2_HUMAN.H11MO.0.A	5.80751	6.70601	8.36482
SP1_HUMAN.H11MO.0.A	-3.02499	-1.56869	1.47681
SP2_HUMAN.H11MO.0.A	1.23581	2.25691	4.38731
SP4_HUMAN.H11MO.0.A	3.56531	4.49461	6.40611
SPI1_HUMAN.H11MO.0.A	3.64381	4.93661	7.54921
SPIB_HUMAN.H11MO.0.A	2.80101	4.20911	7.09791
SRBP1_HUMAN.H11MO.0.A	4.69872	5.50945	7.08964
SRF_HUMAN.H11MO.0.A	4.79301	5.82391	7.94281
STA5A_HUMAN.H11MO.0.A	4.77062	5.80437	7.85282
STA5B_HUMAN.H11MO.0.A	5.41242	6.37151	8.43108
STAT1_HUMAN.H11MO.0.A	4.11801	5.26601	7.60261
STAT2_HUMAN.H11MO.0.A	4.19921	5.46721	8.04351
STAT3_HUMAN.H11MO.0.A	5.04301	6.02026	7.97147
STAT4_HUMAN.H11MO.0.A	5.66587	6.68682	8.36321
SUH_HUMAN.H11MO.0.A	5.00988	5.85721	7.43802
TAF1_HUMAN.H11MO.0.A	4.18261	5.02901	6.74831
TAL1_HUMAN.H11MO.0.A	3.88451	5.00481	7.25491
TBP_HUMAN.H11MO.0.A	5.50844	6.21194	7.45779
TBX21_HUMAN.H11MO.0.A	5.16761	5.78941	7.01711
TCF7_HUMAN.H11MO.0.A	5.62601	6.49011	8.22141
TEAD1_HUMAN.H11MO.0.A	5.19621	6.13019	7.98895
TEAD4_HUMAN.H11MO.0.A	5.45521	6.32661	8.07441
TF65_HUMAN.H11MO.0.A	4.27001	5.42531	7.74461
TF7L2_HUMAN.H11MO.0.A	5.36671	6.29291	8.12245
TFAP4_HUMAN.H11MO.0.A	3.92953	4.89738	8.0466
TFE2_HUMAN.H11MO.0.A	3.86813	4.94387	7.55771
TGIF1_HUMAN.H11MO.0.A	5.47546	5.8232	7.66497
TWST1_HUMAN.H11MO.0.A	4.64191	5.68941	7.83661
TYY1_HUMAN.H11MO.0.A	2.26303	3.52073	6.25607
USF1_HUMAN.H11MO.0.A	1.43202	2.73704	5.31639
USF2_HUMAN.H11MO.0.A	0.79101	2.05731	4.62021
VDR_HUMAN.H11MO.0.A	4.21431	5.19001	7.18271
ZBT17_HUMAN.H11MO.0.A	4.52981	5.44691	7.33231
ZBT7A_HUMAN.H11MO.0.A	3.90177	4.85817	7.51843
ZEB1_HUMAN.H11MO.0.A	5.02821	5.92264	7.5371
ZFP42_HUMAN.H11MO.0.A	4.50083	5.52841	7.57052
ZFX_HUMAN.H11MO.0.A	3.66395	4.84128	7.14502
ZN143_HUMAN.H11MO.0.A	1.23941	2.57551	5.39061
ZN263_HUMAN.H11MO.0.A	2.99661	4.12761	6.46981
ZN274_HUMAN.H11MO.0.A	3.76871	4.85761	7.14561
ZN281_HUMAN.H11MO.0.A	2.05991	3.37831	6.10981
ZN335_HUMAN.H11MO.0.A	3.41351	4.42511	6.54161
HSF2_HUMAN.H11MO.0.A	5.07231	5.80351	7.31961
FOXJ3_HUMAN.H11MO.0.A	3.54382	5.01711	7.85236
BACH1_HUMAN.H11MO.0.A	3.37691	4.46071	6.67821
CEBPE_HUMAN.H11MO.0.A	5.42492	6.23781	7.66321
ERR2_HUMAN.H11MO.0.A	4.23094	5.54155	8.01756
ARNT_HUMAN.H11MO.0.B	3.08252	3.78077	5.68841
ATF1_HUMAN.H11MO.0.B	4.35412	5.04362	6.29886
ATF2_HUMAN.H11MO.0.B	4.52212	5.40369	7.15837
ATOH1_HUMAN.H11MO.0.B	4.1044	5.19272	7.81029
CEBPG_HUMAN.H11MO.0.B	3.94368	5.18655	7.5659
E2F7_HUMAN.H11MO.0.B	4.24251	5.12342	6.78352
EHF_HUMAN.H11MO.0.B	3.54481	4.84231	7.60991
ELK1_HUMAN.H11MO.0.B	3.32352	4.37933	6.4611
EPAS1_HUMAN.H11MO.0.B	3.56528	4.18377	5.54262
ETV4_HUMAN.H11MO.0.B	5.47848	6.46311	7.96168
FEV_HUMAN.H11MO.0.B	4.96402	5.51391	6.51755
FOXO3_HUMAN.H11MO.0.B	5.13783	6.15962	8.04819
HNF4G_HUMAN.H11MO.0.B	4.61641	5.66891	7.79172
HXA9_HUMAN.H11MO.0.B	5.42555	6.31196	8.0424
HXB4_HUMAN.H11MO.0.B	5.72929	6.65045	7.32483
IRF3_HUMAN.H11MO.0.B	5.20141	6.24891	8.39801
KLF3_HUMAN.H11MO.0.B	2.13251	3.28141	5.63561
MAFB_HUMAN.H11MO.0.B	5.37522	6.08586	7.5581
MAFF_HUMAN.H11MO.0.B	5.01061	5.88221	7.71061
MZF1_HUMAN.H11MO.0.B	5.44751	6.39972	7.97791
NDF2_HUMAN.H11MO.0.B	4.41933	5.53264	7.69972
NFAC1_HUMAN.H11MO.0.B	5.99121	6.82671	8.48711
NFKB2_HUMAN.H11MO.0.B	4.41556	5.45987	7.54131
NKX25_HUMAN.H11MO.0.B	5.51344	5.98306	6.77449
NKX61_HUMAN.H11MO.0.B	5.86301	6.72621	8.47051
NR1D1_HUMAN.H11MO.0.B	5.22341	6.01111	7.61751
NR1H3_HUMAN.H11MO.0.B	4.96541	5.76761	7.43621
NR2C2_HUMAN.H11MO.0.B	4.22641	5.12743	6.94081
NR5A2_HUMAN.H11MO.0.B	4.48736	5.53383	7.81831
PPARA_HUMAN.H11MO.0.B	5.02601	5.94401	7.81801
RARG_HUMAN.H11MO.0.B	4.66411	5.50731	7.22181
RFX1_HUMAN.H11MO.0.B	1.36591	2.53751	4.97471
SALL4_HUMAN.H11MO.0.B	4.78351	5.73848	7.49668
SMAD3_HUMAN.H11MO.0.B	5.33591	5.96431	7.16751
SMAD4_HUMAN.H11MO.0.B	4.48551	5.42291	7.31542
SOX10_HUMAN.H11MO.0.B	5.47111	6.42631	8.37811
SOX3_HUMAN.H11MO.0.B	5.46293	6.53663	8.30808
SOX4_HUMAN.H11MO.0.B	5.60132	6.48933	8.2429
SOX9_HUMAN.H11MO.0.B	4.92151	6.03181	8.22341
STAT6_HUMAN.H11MO.0.B	5.48335	6.34923	8.08328
STF1_HUMAN.H11MO.0.B	4.93209	5.81942	7.75242
TF7L1_HUMAN.H11MO.0.B	5.81681	6.66001	8.32611
TFE3_HUMAN.H11MO.0.B	3.13042	4.17543	6.24792
THA11_HUMAN.H11MO.0.B	1.38541	2.68361	5.42721
ZN322_HUMAN.H11MO.0.B	2.91031	3.96011	6.16641
DBP_HUMAN.H11MO.0.B	5.29782	5.98585	7.20926
MEIS2_HUMAN.H11MO.0.B	3.03232	4.40467	7.27192
EVI1_HUMAN.H11MO.0.B	4.24781	5.34161	7.61571
SRBP2_HUMAN.H11MO.0.B	4.70921	5.45601	6.89962
ZIC1_HUMAN.H11MO.0.B	4.76944	5.44086	6.68159
E2F5_HUMAN.H11MO.0.B	3.76912	4.42503	6.04826
NFAC3_HUMAN.H11MO.0.B	5.81772	6.43757	7.84859
SP3_HUMAN.H11MO.0.B	2.75791	3.73391	5.71951
E2F2_HUMAN.H11MO.0.B	3.70134	4.31021	5.57735
MBD2_HUMAN.H11MO.0.B	1.86179	2.75724	4.51876
ALX1_HUMAN.H11MO.0.B	5.59352	6.36661	7.75884
ATF6A_HUMAN.H11MO.0.B	3.06412	3.94011	5.72508
SRY_HUMAN.H11MO.0.B	5.97245	6.57201	8.01943
AP2B_HUMAN.H11MO.0.B	4.23764	4.9328	6.33721
AHR_HUMAN.H11MO.0.B	3.37968	3.99008	5.25403
FOXI1_HUMAN.H11MO.0.B	3.27714	4.76153	7.43262
ERR3_HUMAN.H11MO.0.B	5.13511	5.86695	7.3462
FOXA3_HUMAN.H11MO.0.B	5.15681	6.13292	8.13575
CRX_HUMAN.H11MO.0.B	5.34081	6.18351	7.86174
BHA15_HUMAN.H11MO.0.B	3.96533	5.08805	7.29246
NR6A1_HUMAN.H11MO.0.B	4.24851	5.35025	7.54341
HNF6_HUMAN.H11MO.0.B	4.42381	5.40454	8.36821
GLI3_HUMAN.H11MO.0.B	4.68416	5.60046	7.04049
MYOG_HUMAN.H11MO.0.B	3.45651	4.59741	7.18233
PTF1A_HUMAN.H11MO.0.B	4.33561	5.32611	7.33121
NR1H4_HUMAN.H11MO.0.B	3.49091	4.42431	6.36911
ZKSC1_HUMAN.H11MO.0.B	2.90851	4.00721	6.30391
ZIC3_HUMAN.H11MO.0.B	3.74301	4.82201	7.02351
ETV2_HUMAN.H11MO.0.B	3.62871	4.85041	7.32281
IRF8_HUMAN.H11MO.0.B	3.77751	5.03961	7.63031
OLIG2_HUMAN.H11MO.0.B	5.20911	6.08881	7.84941
BATF3_HUMAN.H11MO.0.B	5.38201	6.28661	8.11441
ETS2_HUMAN.H11MO.0.B	5.83151	6.57261	7.85125
REL_HUMAN.H11MO.0.B	5.32901	6.21151	7.99471
NFAC2_HUMAN.H11MO.0.B	5.89219	6.95952	8.52337
PKNX1_HUMAN.H11MO.0.B	4.53451	5.44108	7.25554
RFX3_HUMAN.H11MO.0.B	1.09091	2.61281	5.70971
RXRG_HUMAN.H11MO.0.B	1.86381	3.34671	6.25651
CEBPD_HUMAN.H11MO.0.C	5.25914	6.04011	7.59372
CLOCK_HUMAN.H11MO.0.C	4.72481	5.32721	6.53601
COT1_HUMAN.H11MO.0.C	4.45971	5.41421	7.34181
ELF2_HUMAN.H11MO.0.C	3.79361	4.77111	6.78496
ETV5_HUMAN.H11MO.0.C	5.50651	6.31411	7.91172
FEZF1_HUMAN.H11MO.0.C	5.89233	6.70421	8.33054
FOXP2_HUMAN.H11MO.0.C	5.41004	6.22857	7.80063
HIF1A_HUMAN.H11MO.0.C	4.31019	4.90321	6.05981
HNF1A_HUMAN.H11MO.0.C	5.27931	6.18801	8.05761
HXC9_HUMAN.H11MO.0.C	5.66816	6.50914	8.29872
ITF2_HUMAN.H11MO.0.C	4.8881	5.79733	7.43214
KLF12_HUMAN.H11MO.0.C	1.92973	3.12986	5.55705
KLF9_HUMAN.H11MO.0.C	0.79231	2.08171	4.75451
NKX31_HUMAN.H11MO.0.C	5.58021	6.37241	7.8643
OSR2_HUMAN.H11MO.0.C	4.46751	5.47301	7.42301
OZF_HUMAN.H11MO.0.C	-10.37559	-8.22369	-3.65979
PATZ1_HUMAN.H11MO.0.C	3.35891	4.32551	6.34431
PAX6_HUMAN.H11MO.0.C	5.12951	5.90291	7.43472
PO2F1_HUMAN.H11MO.0.C	5.57121	6.44341	8.21231
PRDM6_HUMAN.H11MO.0.C	6.24441	7.16031	8.87297
RORA_HUMAN.H11MO.0.C	5.35311	6.17471	7.70521
SMCA1_HUMAN.H11MO.0.C	5.82114	6.65377	8.272
SMCA5_HUMAN.H11MO.0.C	4.59711	5.53681	7.48051
SOX17_HUMAN.H11MO.0.C	5.64344	6.38299	7.88963
TBX3_HUMAN.H11MO.0.C	5.33991	6.10511	7.49099
TFDP1_HUMAN.H11MO.0.C	3.69831	4.59911	6.43571
THAP1_HUMAN.H11MO.0.C	2.19851	3.15301	5.15141
VEZF1_HUMAN.H11MO.0.C	4.27491	5.22871	7.21621
Z324A_HUMAN.H11MO.0.C	4.46371	5.39071	7.33671
Z354A_HUMAN.H11MO.0.C	5.14931	6.16091	8.28281
ZBT14_HUMAN.H11MO.0.C	1.21936	2.16434	4.01267
ZBT18_HUMAN.H11MO.0.C	4.73152	5.68945	7.63581
ZBT48_HUMAN.H11MO.0.C	4.82322	5.85594	7.55262
ZBTB6_HUMAN.H11MO.0.C	3.80401	4.87951	7.01947
ZFP28_HUMAN.H11MO.0.C	3.05781	4.39431	7.17001
ZFP82_HUMAN.H11MO.0.C	4.78071	5.87621	8.16051
ZIM3_HUMAN.H11MO.0.C	3.01911	4.41901	7.27821
ZN121_HUMAN.H11MO.0.C	-0.02289	1.34901	4.25541
ZN134_HUMAN.H11MO.0.C	3.34541	4.45691	6.77811
ZN136_HUMAN.H11MO.0.C	-0.79449	0.70801	3.89331
ZN140_HUMAN.H11MO.0.C	1.53381	2.89611	5.75121
ZN214_HUMAN.H11MO.0.C	5.33571	6.26261	8.18081
ZN250_HUMAN.H11MO.0.C	-3.98759	-2.25579	1.41471
ZN257_HUMAN.H11MO.0.C	4.20594	5.31539	7.51166
ZN260_HUMAN.H11MO.0.C	-2.53269	-0.86839	2.64601
ZN264_HUMAN.H11MO.0.C	4.28591	5.29771	7.42071
ZN317_HUMAN.H11MO.0.C	3.88161	4.96011	7.22871
ZN320_HUMAN.H11MO.0.C	1.99571	3.24141	5.83821
ZN329_HUMAN.H11MO.0.C	-2.58959	-0.92689	2.58671
ZN331_HUMAN.H11MO.0.C	-0.56959	0.89351	3.97741
ZN341_HUMAN.H11MO.0.C	3.93461	4.92701	6.97871
ZN350_HUMAN.H11MO.0.C	5.99801	6.77721	8.33741
ZN382_HUMAN.H11MO.0.C	2.41441	3.57251	6.01041
ZN394_HUMAN.H11MO.0.C	6.17551	6.90731	8.39681
ZN418_HUMAN.H11MO.0.C	5.04181	6.02501	8.01821
ZN436_HUMAN.H11MO.0.C	-6.08529	-4.20249	-0.21779
ZN449_HUMAN.H11MO.0.C	4.17456	5.25821	7.48345
ZN467_HUMAN.H11MO.0.C	2.11671	3.41481	6.12011
ZN490_HUMAN.H11MO.0.C	-7.53279	-5.50589	-1.21909
ZN502_HUMAN.H11MO.0.C	-1.38929	0.15941	3.44031
ZN528_HUMAN.H11MO.0.C	2.09611	3.45451	6.28791
ZN547_HUMAN.H11MO.0.C	3.39561	4.47421	6.72661
ZN549_HUMAN.H11MO.0.C	3.24281	4.40461	6.83831
ZN554_HUMAN.H11MO.0.C	4.25101	5.16471	7.03551
ZN563_HUMAN.H11MO.0.C	4.38821	5.24111	7.00161
ZN582_HUMAN.H11MO.0.C	1.79441	3.13841	5.94791
ZN586_HUMAN.H11MO.0.C	-6.81429	-4.80379	-0.55029
ZN667_HUMAN.H11MO.0.C	4.83541	5.66511	7.40161
ZN680_HUMAN.H11MO.0.C	0.03401	1.56241	4.76681
ZN708_HUMAN.H11MO.0.C	2.80591	3.98121	6.42811
ZN768_HUMAN.H11MO.0.C	0.95641	2.36371	5.31021
ZN770_HUMAN.H11MO.0.C	1.85931	3.07541	5.62511
ZN816_HUMAN.H11MO.0.C	2.86491	4.10191	6.65821
ZNF18_HUMAN.H11MO.0.C	3.90143	4.99364	7.24715
ZNF41_HUMAN.H11MO.0.C	3.16791	4.35271	6.83271
ZNF76_HUMAN.H11MO.0.C	2.35801	3.57581	6.12911
ZNF8_HUMAN.H11MO.0.C	-3.17639	-1.55239	1.89021
ZNF85_HUMAN.H11MO.0.C	4.36401	5.47241	7.76931
ZSC22_HUMAN.H11MO.0.C	2.77461	3.90511	6.25801
ZSC31_HUMAN.H11MO.0.C	3.61521	4.62081	6.73531
NFIA_HUMAN.H11MO.0.C	4.93311	5.75961	7.44761
NR2C1_HUMAN.H11MO.0.C	4.83211	5.63212	7.27242
TFEB_HUMAN.H11MO.0.C	0.71471	1.52516	5.02981
PIT1_HUMAN.H11MO.0.C	5.92811	6.63531	8.04915
AIRE_HUMAN.H11MO.0.C	5.64281	6.37171	7.84961
NR1I2_HUMAN.H11MO.0.C	5.16181	6.04901	7.87371
NR1I3_HUMAN.H11MO.0.C	4.90491	5.80501	7.66571
MTF1_HUMAN.H11MO.0.C	2.79531	3.76681	5.79531
HXA13_HUMAN.H11MO.0.C	5.50204	6.12954	7.45157
IKZF1_HUMAN.H11MO.0.C	5.46735	6.3404	7.50234
ARI5B_HUMAN.H11MO.0.C	5.15141	5.72941	6.8878
HXA10_HUMAN.H11MO.0.C	5.54151	6.17423	7.44597
CREM_HUMAN.H11MO.0.C	4.24372	5.02699	6.63221
HIC1_HUMAN.H11MO.0.C	4.60005	5.36472	7.27692
NF2L1_HUMAN.H11MO.0.C	5.29413	6.11632	6.72621
NFAC4_HUMAN.H11MO.0.C	5.93012	6.72218	7.93633
RELB_HUMAN.H11MO.0.C	5.20032	5.93401	7.41731
NR4A2_HUMAN.H11MO.0.C	5.33113	6.15657	7.66294
CDX1_HUMAN.H11MO.0.C	5.48057	5.93803	6.80443
CUX1_HUMAN.H11MO.0.C	4.81321	5.52101	6.85661
FOXO4_HUMAN.H11MO.0.C	5.81159	6.50759	8.24736
NOBOX_HUMAN.H11MO.0.C	5.46461	6.46625	7.94625
ZN384_HUMAN.H11MO.0.C	5.83382	6.771	8.24159
HEN1_HUMAN.H11MO.0.C	1.80321	2.95401	5.36551
DLX3_HUMAN.H11MO.0.C	5.34438	6.13416	7.79579
MYF6_HUMAN.H11MO.0.C	4.98561	5.47889	7.47336
OVOL1_HUMAN.H11MO.0.C	4.85174	5.45742	6.56202
FOXJ2_HUMAN.H11MO.0.C	5.67853	6.54886	8.29692
PEBB_HUMAN.H11MO.0.C	5.11801	5.82942	7.23006
PRRX2_HUMAN.H11MO.0.C	5.4802	6.88174	7.71861
IRF9_HUMAN.H11MO.0.C	5.48961	6.26288	7.70005
SOX5_HUMAN.H11MO.0.C	5.56385	6.32764	8.00234
RXRB_HUMAN.H11MO.0.C	5.04788	5.73829	7.07882
HXB8_HUMAN.H11MO.0.C	5.42711	6.48744	8.05865
FOXC1_HUMAN.H11MO.0.C	5.01311	5.93541	7.84051
GFI1_HUMAN.H11MO.0.C	5.53358	6.43254	8.00848
HINFP_HUMAN.H11MO.0.C	2.53771	3.36791	5.07341
MECP2_HUMAN.H11MO.0.C	3.02293	3.25632	5.19946
NR2E3_HUMAN.H11MO.0.C	5.73641	6.55341	8.24721
PBX2_HUMAN.H11MO.0.C	5.74531	6.44341	7.86921
HXA1_HUMAN.H11MO.0.C	5.23435	6.09561	7.59634
KLF8_HUMAN.H11MO.0.C	4.49795	5.29075	6.53917
IRF7_HUMAN.H11MO.0.C	5.80005	6.62174	7.81053
SNAI1_HUMAN.H11MO.0.C	4.88914	5.33066	7.00695
NKX28_HUMAN.H11MO.0.C	5.31299	5.88086	7.35928
FOXQ1_HUMAN.H11MO.0.C	5.52093	6.38518	8.09826
INSM1_HUMAN.H11MO.0.C	3.76722	4.81366	6.97438
HXB7_HUMAN.H11MO.0.C	5.41567	6.5474	8.01119
THB_HUMAN.H11MO.0.C	4.39241	5.27371	7.08541
WT1_HUMAN.H11MO.0.C	1.67591	2.91481	5.50501
THA_HUMAN.H11MO.0.C	4.94881	5.66091	7.13871
NKX32_HUMAN.H11MO.0.C	5.00145	5.95692	8.10044
HLF_HUMAN.H11MO.0.C	4.52761	5.35061	7.00895
LHX3_HUMAN.H11MO.0.C	5.15142	6.23335	8.29203
PO3F1_HUMAN.H11MO.0.C	5.68241	6.33031	7.65993
RORG_HUMAN.H11MO.0.C	5.02333	5.93884	7.75221